"mc_x"	"mc_y"	"mc_num"
"1"	477	1033	1
"2"	491	1077	2
"3"	476	1135	3
"4"	468	279	4
"5"	311	1014	5
"6"	343	846	6
"7"	309	859	7
"8"	288	914	8
"9"	382	926	9
"10"	372	869	10
"11"	396	883	11
"12"	347	900	12
"13"	317	906	13
"14"	362	982	14
"15"	404	1021	15
"16"	444	928	16
"17"	397	959	17
"18"	420	966	18
"19"	321	962	19
"20"	153	976	20
"21"	303	1043	21
"22"	236	992	22
"23"	372	1165	23
"24"	388	1246	24
"25"	408	1208	25
"26"	463	1176	26
"27"	315	1144	27
"28"	452	1108	28
"29"	407	1104	29
"30"	345	1066	30
"31"	410	1041	31
"32"	378	1118	32
"33"	372	1074	33
"34"	404	1175	34
"35"	353	1213	35
"36"	320	1184	36
"37"	329	1108	37
"38"	264	1172	38
"39"	348	1152	39
"40"	336	1212	40
"41"	304	1106	41
"42"	291	1197	42
"43"	266	1113	43
"44"	772	725	44
"45"	603	663	45
"46"	645	634	46
"47"	629	292	47
"48"	589	423	48
"49"	599	373	49
"50"	562	419	50
"51"	446	513	51
"52"	492	428	52
"53"	542	444	53
"54"	503	501	54
"55"	510	548	55
"56"	539	521	56
"57"	469	491	57
"58"	535	489	58
"59"	473	464	59
"60"	593	574	60
"61"	568	463	61
"62"	610	507	62
"63"	627	488	63
"64"	718	342	64
"65"	749	370	65
"66"	678	418	66
"67"	670	341	67
"68"	664	394	68
"69"	707	489	69
"70"	701	460	70
"71"	744	417	71
"72"	805	369	72
"73"	825	398	73
"74"	796	454	74
"75"	785	427	75
"76"	792	345	76
"77"	563	742	77
"78"	590	739	78
"79"	566	816	79
"80"	530	807	80
"81"	679	710	81
"82"	668	802	82
"83"	589	808	83
"84"	637	773	84
"85"	618	820	85
"86"	701	797	86
"87"	713	760	87
"88"	841	772	88
"89"	347	381	89
"90"	411	397	90
"91"	398	451	91
"92"	311	359	92
"93"	330	414	93
"94"	269	339	94
"95"	287	389	95
"96"	268	413	96
"97"	342	441	97
"98"	289	457	98
"99"	124	365	99
"100"	101	363	100
"101"	51	345	101
"102"	40	398	102
"103"	153	331	103
"104"	112	316	104
"105"	145	260	105
"106"	195	296	106
"107"	145	303	107
"108"	115	299	108
"109"	47	316	109
"110"	37	253	110
"111"	76	301	111
"112"	83	228	112
"113"	67	268	113
"114"	27	294	114
"115"	144	67	115
"116"	126	140	116
"117"	107	57	117
"118"	104	88	118
"119"	145	27	119
"120"	169	47	120
"121"	208	113	121
"122"	150	117	122
"123"	175	129	123
"124"	174	203	124
"125"	208	145	125
"126"	250	70	126
"127"	202	56	127
"128"	272	510	128
"129"	220	582	129
"130"	1006	1072	130
"131"	974	1127	131
"132"	945	1142	132
"133"	983	1161	133
"134"	1045	1129	134
"135"	1094	844	135
"136"	1155	872	136
"137"	1077	921	137
"138"	1112	853	138
"139"	1048	869	139
"140"	1025	848	140
"141"	1231	807	141
"142"	1262	732	142
"143"	1294	822	143
"144"	1213	720	144
"145"	1227	783	145
"146"	1284	798	146
"147"	1196	777	147
"148"	1219	841	148
"149"	1243	750	149
"150"	1136	769	150
"151"	1131	737	151
"152"	1180	741	152
"153"	1058	770	153
"154"	1072	816	154
"155"	1107	728	155
"156"	1086	781	156
"157"	1034	747	157
"158"	1173	804	158
"159"	1143	805	159
"160"	1165	726	160
"161"	1193	812	161
"162"	1115	792	162
"163"	1155	965	163
"164"	1150	896	164
"165"	1279	858	165
"166"	1247	867	166
"167"	1198	900	167
"168"	1215	950	168
"169"	1290	906	169
"170"	1275	966	170
"171"	1195	965	171
"172"	1240	947	172
"173"	1232	893	173
"174"	1278	908	174
"175"	1353	875	175
"176"	1430	861	176
"177"	1418	823	177
"178"	1427	900	178
"179"	798	1083	179
"180"	720	1033	180
"181"	731	1081	181
"182"	830	1040	182
"183"	793	1028	183
"184"	902	1044	184
"185"	861	916	185
"186"	888	944	186
"187"	822	951	187
"188"	855	965	188
"189"	808	906	189
"190"	896	914	190
"191"	793	976	191
"192"	866	993	192
"193"	872	1055	193
"194"	986	1040	194
"195"	882	1030	195
"196"	1048	1016	196
"197"	963	1021	197
"198"	973	977	198
"199"	898	983	199
"200"	945	957	200
"201"	921	1021	201
"202"	1075	958	202
"203"	1029	948	203
"204"	1068	989	204
"205"	1120	1040	205
"206"	1167	1006	206
"207"	1069	1020	207
"208"	1117	986	208
"209"	1136	1034	209
"210"	1110	1099	210
"211"	909	36	211
"212"	957	27	212
"213"	1004	42	213
"214"	954	93	214
"215"	980	107	215
"216"	958	167	216
"217"	1032	110	217
"218"	979	184	218
"219"	1073	183	219
"220"	972	235	220
"221"	1111	186	221
"222"	1046	133	222
"223"	1012	181	223
"224"	1046	187	224
"225"	1021	347	225
"226"	1102	377	226
"227"	1068	321	227
"228"	1053	383	228
"229"	1007	311	229
"230"	1082	273	230
"231"	1051	238	231
"232"	1017	251	232
"233"	972	263	233
"234"	1135	353	234
"235"	1096	350	235
"236"	1165	399	236
"237"	1180	320	237
"238"	1114	276	238
"239"	1040	299	239
"240"	1138	247	240
"241"	1139	315	241
"242"	987	1329	242
"243"	947	1407	243
"244"	1030	1339	244
"245"	1063	1260	245
"246"	1014	1205	246
"247"	1009	1140	247
"248"	938	1208	248
"249"	1105	1229	249
"250"	1096	1171	250
"251"	1177	1188	251
"252"	1142	1186	252
"253"	1241	1212	253
"254"	1294	1286	254
"255"	1298	1258	255
"256"	1328	1220	256
"257"	1324	1246	257
"258"	1383	1275	258
"259"	1359	1312	259
"260"	1158	1354	260
"261"	1100	1413	261
"262"	1094	1350	262
"263"	1138	1330	263
"264"	1110	1328	264
"265"	1123	1262	265
"266"	1176	1318	266
"267"	1164	1255	267
"268"	1205	1420	268
"269"	1150	1406	269
